5.200000000000000000e+01
5.300000000000000000e+01
5.400000000000000000e+01
6.500000000000000000e+01
6.600000000000000000e+01
6.700000000000000000e+01
6.900000000000000000e+01
7.000000000000000000e+01
7.100000000000000000e+01
8.000000000000000000e+01
8.600000000000000000e+01
9.400000000000000000e+01
9.500000000000000000e+01
1.010000000000000000e+02
1.020000000000000000e+02
1.090000000000000000e+02
1.170000000000000000e+02
1.240000000000000000e+02
1.250000000000000000e+02
1.310000000000000000e+02
1.320000000000000000e+02
1.400000000000000000e+02
1.460000000000000000e+02
1.550000000000000000e+02
1.560000000000000000e+02
1.570000000000000000e+02
1.590000000000000000e+02
1.600000000000000000e+02
1.610000000000000000e+02
1.720000000000000000e+02
1.730000000000000000e+02
1.740000000000000000e+02
