225
1
0
1
17
16
2
1
2
18
17
3
2
3
19
18
4
3
4
20
19
5
4
5
21
20
6
5
6
22
21
7
6
7
23
22
8
7
8
24
23
9
8
9
25
24
10
9
10
26
25
11
10
11
27
26
12
11
12
28
27
13
12
13
29
28
14
13
14
30
29
15
14
15
31
30
16
16
17
33
32
17
17
18
34
33
18
18
19
35
34
19
19
20
36
35
20
20
21
37
36
21
21
22
38
37
22
22
23
39
38
23
23
24
40
39
24
24
25
41
40
25
25
26
42
41
26
26
27
43
42
27
27
28
44
43
28
28
29
45
44
29
29
30
46
45
30
30
31
47
46
31
32
33
49
48
32
33
34
50
49
33
34
35
51
50
34
35
36
52
51
35
36
37
53
52
36
37
38
54
53
37
38
39
55
54
38
39
40
56
55
39
40
41
57
56
40
41
42
58
57
41
42
43
59
58
42
43
44
60
59
43
44
45
61
60
44
45
46
62
61
45
46
47
63
62
46
48
49
65
64
47
49
50
66
65
48
50
51
67
66
49
51
52
68
67
50
52
53
69
68
51
53
54
70
69
52
54
55
71
70
53
55
56
72
71
54
56
57
73
72
55
57
58
74
73
56
58
59
75
74
57
59
60
76
75
58
60
61
77
76
59
61
62
78
77
60
62
63
79
78
61
64
65
81
80
62
65
66
82
81
63
66
67
83
82
64
67
68
84
83
65
68
69
85
84
66
69
70
86
85
67
70
71
87
86
68
71
72
88
87
69
72
73
89
88
70
73
74
90
89
71
74
75
91
90
72
75
76
92
91
73
76
77
93
92
74
77
78
94
93
75
78
79
95
94
76
80
81
97
96
77
81
82
98
97
78
82
83
99
98
79
83
84
100
99
80
84
85
101
100
81
85
86
102
101
82
86
87
103
102
83
87
88
104
103
84
88
89
105
104
85
89
90
106
105
86
90
91
107
106
87
91
92
108
107
88
92
93
109
108
89
93
94
110
109
90
94
95
111
110
91
96
97
113
112
92
97
98
114
113
93
98
99
115
114
94
99
100
116
115
95
100
101
117
116
96
101
102
118
117
97
102
103
119
118
98
103
104
120
119
99
104
105
121
120
100
105
106
122
121
101
106
107
123
122
102
107
108
124
123
103
108
109
125
124
104
109
110
126
125
105
110
111
127
126
106
112
113
129
128
107
113
114
130
129
108
114
115
131
130
109
115
116
132
131
110
116
117
133
132
111
117
118
134
133
112
118
119
135
134
113
119
120
136
135
114
120
121
137
136
115
121
122
138
137
116
122
123
139
138
117
123
124
140
139
118
124
125
141
140
119
125
126
142
141
120
126
127
143
142
121
128
129
145
144
122
129
130
146
145
123
130
131
147
146
124
131
132
148
147
125
132
133
149
148
126
133
134
150
149
127
134
135
151
150
128
135
136
152
151
129
136
137
153
152
130
137
138
154
153
131
138
139
155
154
132
139
140
156
155
133
140
141
157
156
134
141
142
158
157
135
142
143
159
158
136
144
145
161
160
137
145
146
162
161
138
146
147
163
162
139
147
148
164
163
140
148
149
165
164
141
149
150
166
165
142
150
151
167
166
143
151
152
168
167
144
152
153
169
168
145
153
154
170
169
146
154
155
171
170
147
155
156
172
171
148
156
157
173
172
149
157
158
174
173
150
158
159
175
174
151
160
161
177
176
152
161
162
178
177
153
162
163
179
178
154
163
164
180
179
155
164
165
181
180
156
165
166
182
181
157
166
167
183
182
158
167
168
184
183
159
168
169
185
184
160
169
170
186
185
161
170
171
187
186
162
171
172
188
187
163
172
173
189
188
164
173
174
190
189
165
174
175
191
190
166
176
177
193
192
167
177
178
194
193
168
178
179
195
194
169
179
180
196
195
170
180
181
197
196
171
181
182
198
197
172
182
183
199
198
173
183
184
200
199
174
184
185
201
200
175
185
186
202
201
176
186
187
203
202
177
187
188
204
203
178
188
189
205
204
179
189
190
206
205
180
190
191
207
206
181
192
193
209
208
182
193
194
210
209
183
194
195
211
210
184
195
196
212
211
185
196
197
213
212
186
197
198
214
213
187
198
199
215
214
188
199
200
216
215
189
200
201
217
216
190
201
202
218
217
191
202
203
219
218
192
203
204
220
219
193
204
205
221
220
194
205
206
222
221
195
206
207
223
222
196
208
209
225
224
197
209
210
226
225
198
210
211
227
226
199
211
212
228
227
200
212
213
229
228
201
213
214
230
229
202
214
215
231
230
203
215
216
232
231
204
216
217
233
232
205
217
218
234
233
206
218
219
235
234
207
219
220
236
235
208
220
221
237
236
209
221
222
238
237
210
222
223
239
238
211
224
225
241
240
212
225
226
242
241
213
226
227
243
242
214
227
228
244
243
215
228
229
245
244
216
229
230
246
245
217
230
231
247
246
218
231
232
248
247
219
232
233
249
248
220
233
234
250
249
221
234
235
251
250
222
235
236
252
251
223
236
237
253
252
224
237
238
254
253
225
238
239
255
254
