256
1
0.0
0.0
2
2.0
0.0
3
4.0
0.0
4
6.0
0.0
5
8.0
0.0
6
10.0
0.0
7
12.0
0.0
8
14.0
0.0
9
16.0
0.0
10
18.0
0.0
11
20.0
0.0
12
22.0
0.0
13
24.0
0.0
14
26.0
0.0
15
28.0
0.0
16
30.0
0.0
17
0.0
2.0
18
2.0
2.0
19
4.0
2.0
20
6.0
2.0
21
8.0
2.0
22
10.0
2.0
23
12.0
2.0
24
14.0
2.0
25
16.0
2.0
26
18.0
2.0
27
20.0
2.0
28
22.0
2.0
29
24.0
2.0
30
26.0
2.0
31
28.0
2.0
32
30.0
2.0
33
0.0
4.0
34
2.0
4.0
35
4.0
4.0
36
6.0
4.0
37
8.0
4.0
38
10.0
4.0
39
12.0
4.0
40
14.0
4.0
41
16.0
4.0
42
18.0
4.0
43
20.0
4.0
44
22.0
4.0
45
24.0
4.0
46
26.0
4.0
47
28.0
4.0
48
30.0
4.0
49
0.0
6.0
50
2.0
6.0
51
4.0
6.0
52
6.0
6.0
53
8.0
6.0
54
10.0
6.0
55
12.0
6.0
56
14.0
6.0
57
16.0
6.0
58
18.0
6.0
59
20.0
6.0
60
22.0
6.0
61
24.0
6.0
62
26.0
6.0
63
28.0
6.0
64
30.0
6.0
65
0.0
8.0
66
2.0
8.0
67
4.0
8.0
68
6.0
8.0
69
8.0
8.0
70
10.0
8.0
71
12.0
8.0
72
14.0
8.0
73
16.0
8.0
74
18.0
8.0
75
20.0
8.0
76
22.0
8.0
77
24.0
8.0
78
26.0
8.0
79
28.0
8.0
80
30.0
8.0
81
0.0
10.0
82
2.0
10.0
83
4.0
10.0
84
6.0
10.0
85
8.0
10.0
86
10.0
10.0
87
12.0
10.0
88
14.0
10.0
89
16.0
10.0
90
18.0
10.0
91
20.0
10.0
92
22.0
10.0
93
24.0
10.0
94
26.0
10.0
95
28.0
10.0
96
30.0
10.0
97
0.0
12.0
98
2.0
12.0
99
4.0
12.0
100
6.0
12.0
101
8.0
12.0
102
10.0
12.0
103
12.0
12.0
104
14.0
12.0
105
16.0
12.0
106
18.0
12.0
107
20.0
12.0
108
22.0
12.0
109
24.0
12.0
110
26.0
12.0
111
28.0
12.0
112
30.0
12.0
113
0.0
14.0
114
2.0
14.0
115
4.0
14.0
116
6.0
14.0
117
8.0
14.0
118
10.0
14.0
119
12.0
14.0
120
14.0
14.0
121
16.0
14.0
122
18.0
14.0
123
20.0
14.0
124
22.0
14.0
125
24.0
14.0
126
26.0
14.0
127
28.0
14.0
128
30.0
14.0
129
0.0
16.0
130
2.0
16.0
131
4.0
16.0
132
6.0
16.0
133
8.0
16.0
134
10.0
16.0
135
12.0
16.0
136
14.0
16.0
137
16.0
16.0
138
18.0
16.0
139
20.0
16.0
140
22.0
16.0
141
24.0
16.0
142
26.0
16.0
143
28.0
16.0
144
30.0
16.0
145
0.0
18.0
146
2.0
18.0
147
4.0
18.0
148
6.0
18.0
149
8.0
18.0
150
10.0
18.0
151
12.0
18.0
152
14.0
18.0
153
16.0
18.0
154
18.0
18.0
155
20.0
18.0
156
22.0
18.0
157
24.0
18.0
158
26.0
18.0
159
28.0
18.0
160
30.0
18.0
161
0.0
20.0
162
2.0
20.0
163
4.0
20.0
164
6.0
20.0
165
8.0
20.0
166
10.0
20.0
167
12.0
20.0
168
14.0
20.0
169
16.0
20.0
170
18.0
20.0
171
20.0
20.0
172
22.0
20.0
173
24.0
20.0
174
26.0
20.0
175
28.0
20.0
176
30.0
20.0
177
0.0
22.0
178
2.0
22.0
179
4.0
22.0
180
6.0
22.0
181
8.0
22.0
182
10.0
22.0
183
12.0
22.0
184
14.0
22.0
185
16.0
22.0
186
18.0
22.0
187
20.0
22.0
188
22.0
22.0
189
24.0
22.0
190
26.0
22.0
191
28.0
22.0
192
30.0
22.0
193
0.0
24.0
194
2.0
24.0
195
4.0
24.0
196
6.0
24.0
197
8.0
24.0
198
10.0
24.0
199
12.0
24.0
200
14.0
24.0
201
16.0
24.0
202
18.0
24.0
203
20.0
24.0
204
22.0
24.0
205
24.0
24.0
206
26.0
24.0
207
28.0
24.0
208
30.0
24.0
209
0.0
26.0
210
2.0
26.0
211
4.0
26.0
212
6.0
26.0
213
8.0
26.0
214
10.0
26.0
215
12.0
26.0
216
14.0
26.0
217
16.0
26.0
218
18.0
26.0
219
20.0
26.0
220
22.0
26.0
221
24.0
26.0
222
26.0
26.0
223
28.0
26.0
224
30.0
26.0
225
0.0
28.0
226
2.0
28.0
227
4.0
28.0
228
6.0
28.0
229
8.0
28.0
230
10.0
28.0
231
12.0
28.0
232
14.0
28.0
233
16.0
28.0
234
18.0
28.0
235
20.0
28.0
236
22.0
28.0
237
24.0
28.0
238
26.0
28.0
239
28.0
28.0
240
30.0
28.0
241
0.0
30.0
242
2.0
30.0
243
4.0
30.0
244
6.0
30.0
245
8.0
30.0
246
10.0
30.0
247
12.0
30.0
248
14.0
30.0
249
16.0
30.0
250
18.0
30.0
251
20.0
30.0
252
22.0
30.0
253
24.0
30.0
254
26.0
30.0
255
28.0
30.0
256
30.0
30.0
